0010001111
0001011011
0001110110
0001001111
0100110101
0100101110
0100001111
0111100001
0011001110
0000111101
0001101011
0101110001
0110001101
0011110100
0101001011
0110100110
0010110011
0010111001
0110111000
0101010101
0111001100
0101011100
0100111001
0001111010
0110000111
0001110011
0010110101
0011010110
0110110100
0000110111
0101100011
0011101010
0110011100
0100111100
0111000110
0011100011
0100100111
0011010101
0111100100
0011000111
0001101101
0101111000
0111101000
0100011101
0111001001
0001100111
0011010011
0110010011
0010110110
0000111110
0110010101
0010100111
0010111010
0001011101
0011110001
0000111011
0110110010
0101011001
0111001010
0101110010
0101001110
0100101101
0101101001
0011111000
0101101100
0001111001
0101100110
0110001011
0011001011
0101100101
0111010010
0011011010
0110001110
0010101101
0011001101
0101010110
0110010110
0010101110
0011100101
0111011000
0110011001
0111000011
0101101010
0110100011
0100110110
0111110000
0010111100
0100011110
0100010111
0010101011
0110100101
0000011111
0011101100
0010011110
0010011101
0001111100
0110101010
0100011011
0011011001
0110011010
0111100010
0010010111
0011100110
0011011100
0101110100
0111010100
0110101100
0111010001
0111000101
0010011011
0100101011
0001110101
0001101110
0101010011
0000101111
0011101001
0011110010
0101011010
0001010111
0110110001
0101000111
0110101001
0001011110
0100110011
0101001101
0100111010
